111
0 1
0 2
0 4
0 5
0 16
0 17
0 19
0 20
0 21
0 22
1 2
1 3
1 5
1 16
1 18
1 19
1 20
1 21
1 22
2 3
2 4
2 17
2 18
2 19
2 20
2 21
2 22
3 4
3 5
3 16
3 17
3 19
3 20
3 21
3 22
4 5
4 16
4 18
4 19
4 20
4 21
4 22
5 17
5 18
5 19
5 20
5 21
5 22
6 7
6 8
6 16
6 17
6 19
6 20
6 21
6 22
7 8
7 16
7 18
7 19
7 20
7 21
7 22
8 17
8 18
8 19
8 20
8 21
8 22
9 10
9 11
9 13
9 14
9 16
9 19
9 20
9 21
9 22
10 11
10 12
10 14
10 17
10 19
10 21
11 12
11 13
11 18
11 20
11 22
12 13
12 14
12 16
12 19
12 20
12 21
12 22
13 14
13 17
13 19
13 21
14 18
14 20
14 22
15 23
16 17
16 18
17 18
19 20
19 22
20 21
21 22
